0 0.10091047040971168 0.15100671140939598 0.0804248861911988 0.15436241610738255
0 0.3672230652503794 0.1588366890380313 0.054628224582701064 0.116331096196868
0 0.6388467374810319 0.17002237136465323 0.045523520485584223 0.10738255033557047
0 0.9089529590288316 0.17114093959731544 0.06069802731411229 0.14093959731543623
0 0.09256449165402125 0.5156599552572707 0.06980273141122914 0.14541387024608501
1 0.3657056145675266 0.5134228187919463 0.06676783004552353 0.13646532438478748
1 0.6358118361153263 0.5 0.06980273141122914 0.1588366890380313
1 0.9066767830045523 0.5089485458612976 0.04704097116843703 0.10514541387024608
1 0.08725341426403642 0.8702460850111856 0.04400606980273141 0.09843400447427293
1 0.366464339908953 0.8758389261744967 0.04704097116843703 0.09172259507829977
2 0.6176024279210925 0.8568232662192393 0.021244309559939303 0.040268456375838924
2 0.8960546282245827 0.8713646532438478 0.0409711684370258 0.07829977628635347
