1 0.3694992412746586 0.10067114093959731 0.05614567526555387 0.1342281879194631
1 0.6365705614567527 0.0883668903803132 0.05918057663125949 0.14541387024608501
1 0.9059180576631259 0.1040268456375839 0.051593323216995446 0.10961968680089486
1 0.08573596358118361 0.46308724832214765 0.0409711684370258 0.08053691275167785
1 0.3694992412746586 0.46308724832214765 0.04704097116843703 0.11185682326621924
0 0.09484066767830046 0.10626398210290827 0.06525037936267071 0.12751677852348994
2 0.6274658573596358 0.47203579418344516 0.05614567526555387 0.10738255033557047
2 0.8945371775417299 0.465324384787472 0.04400606980273141 0.06711409395973154
2 0.09408194233687406 0.8389261744966443 0.036418816388467376 0.07158836689038031
2 0.3657056145675266 0.8087248322147651 0.036418816388467376 0.09172259507829977
2 0.6335356600910471 0.8232662192393736 0.04400606980273141 0.08501118568232661
3 0.9044006069802731 0.8232662192393736 0.08801213960546282 0.15659955257270694
