2 0.6282245827010622 0.19798657718120805 0.05766312594840668 0.10514541387024608
2 0.8960546282245827 0.1912751677852349 0.0409711684370258 0.08277404921700224
2 0.09484066767830046 0.5637583892617449 0.05007587253414264 0.08053691275167785
2 0.3694992412746586 0.5357941834451901 0.05614567526555387 0.09172259507829977
2 0.6320182094081943 0.5458612975391499 0.04704097116843703 0.09843400447427293
1 0.08497723823975721 0.18791946308724833 0.051593323216995446 0.09395973154362416
1 0.3641881638846738 0.18791946308724833 0.054628224582701064 0.08948545861297538
3 0.9066767830045523 0.5480984340044742 0.07435508345978756 0.15659955257270694
3 0.09180576631259485 0.9060402684563759 0.07132018209408195 0.13870246085011184
3 0.370257966616085 0.8903803131991052 0.09104704097116845 0.1297539149888143
3 0.6342943854324735 0.8937360178970917 0.07283763277693475 0.16778523489932887
3 0.909711684370258 0.8948545861297539 0.06828528072837634 0.13870246085011184
