3 0.11456752655538695 0.558165548098434 0.09256449165402125 0.13646532438478748
3 0.9256449165402125 0.18568232662192394 0.06980273141122914 0.14317673378076062
3 0.38619119878603947 0.5469798657718121 0.08649468892261002 0.1588366890380313
3 0.6547799696509864 0.5436241610738255 0.07435508345978756 0.1476510067114094
3 0.9279210925644917 0.5480984340044742 0.0804248861911988 0.14317673378076062
2 0.65402124430956 0.19463087248322147 0.042488619119878605 0.1029082774049217
2 0.11456752655538695 0.20693512304250558 0.05007587253414264 0.0738255033557047
2 0.3915022761760243 0.174496644295302 0.045523520485584223 0.09843400447427293
4 0.3884673748103187 0.9060402684563759 0.051593323216995446 0.12080536912751677
4 0.6638846737481032 0.9116331096196868 0.05007587253414264 0.10961968680089486
4 0.9324734446130502 0.9228187919463087 0.07738998482549317 0.10514541387024608
