4 0.11077389984825493 0.8881431767337807 0.06676783004552353 0.12527964205816555
4 0.11153262518968134 0.8881431767337807 0.05614567526555387 0.1029082774049217
4 0.3937784522003035 0.8366890380313199 0.06828528072837634 0.1342281879194631
4 0.6646433990895296 0.8456375838926175 0.045523520485584223 0.13870246085011184
4 0.9370257966616086 0.8612975391498882 0.07132018209408195 0.116331096196868
2 0.12063732928679818 0.1442953020134228 0.04400606980273141 0.08277404921700224
2 0.3968133535660091 0.10961968680089486 0.0409711684370258 0.1029082774049217
2 0.661608497723824 0.12751677852348994 0.042488619119878605 0.08948545861297538
3 0.9294385432473445 0.11409395973154363 0.06828528072837634 0.1342281879194631
3 0.11987860394537178 0.4899328859060403 0.07587253414264036 0.1297539149888143
3 0.3937784522003035 0.470917225950783 0.07738998482549317 0.13646532438478748
3 0.6600910470409712 0.47315436241610737 0.0637329286798179 0.18120805369127516
3 0.9355083459787558 0.470917225950783 0.06828528072837634 0.1319910514541387
