5 0.37860394537177544 0.4798657718120805 0.06828528072837634 0.12304250559284116
5 0.12139605462822459 0.8366890380313199 0.06069802731411229 0.1297539149888143
5 0.3899848254931715 0.8232662192393736 0.051593323216995446 0.1029082774049217
5 0.6562974203338392 0.4977628635346756 0.05311077389984826 0.10514541387024608
5 0.9264036418816389 0.4854586129753915 0.06525037936267071 0.1029082774049217
6 0.665402124430956 0.8456375838926175 0.0622154779969651 0.12080536912751677
6 0.933990895295903 0.8680089485458613 0.04704097116843703 0.12080536912751677
4 0.11077389984825493 0.17114093959731544 0.054628224582701064 0.12304250559284116
4 0.3952959028831563 0.12080536912751677 0.05311077389984826 0.1476510067114094
4 0.6638846737481032 0.13087248322147652 0.05311077389984826 0.1185682326621924
4 0.9324734446130502 0.15100671140939598 0.0622154779969651 0.1185682326621924
4 0.1244309559939302 0.494407158836689 0.06676783004552353 0.116331096196868
